                     0011 0010                           
                              001 0111                   
                                      0110001            
0                                           1101100      
00                                                01111  
100                               000 010100        00 01
  1 1                           00  1    1 0        1    
   1                            01 101100   001    0     
     0 0                       1    000 0     0          
      1100                     0        01 01 10  0      
          0                    1         1  1  0  0      
         11 0                  0         11 0    0       
           0010                 0      0 0  0 01         
             101                  0010 0000 0  1         
               1 01               11 0 01  0 0 1         
                 0               01 10 11  1  1          
                   1001         011 0 0 1 0              
                     000 01110    00 0  0                
                        0 0        1 10 0                
                                    0   1                
                                    10  0                
                                       1 1               
                                     01   1              
                                    01    00             
                                   0       10            
                                  1         00           
                                  1           0          
                                               00        
                                  1              0       
                                  1               1      
                                  1                00    
                                                         