                                                01
                                   001001       01
                                  110100 0010    01                11 0111
                                 0000 0    1      10              0010 01100
                                  00       11      0              11010   01
                                1 0         1      10             000       1
                                            0       11            0         11
                                  0         0        1            0          0
                                  10       00         01           0         1
10                                   0011 0            11          00      00
 0 11                                1                 011           10011
   01 01                            0 11                1              0
      11 1                         0  11                 00          10 1
         10 00                    1   0 0                 00        0    0
             11011              11       0                 111    00   10
                 11010        0       0   11              0 10 00 01100
                     110000  0       11     0                000
                        1 00001      01      1                 01      11
                                    0 1                               1 0
                                  0   00                            10   0
                                  1    1                           10    01
                                 0     0                          1
                                1       0                        1         1
                               1         1                       0         10
                                          0                      11         10
                                           0                      1          11
                              0             1                     1            0
                             1                                    0             11