                      011100101                           
                               10000100                   
                                      00001110            
11                                           1011001      
 01                                               001000  
 000                               1100100011        01111
   0 1                           10  1    110        0    
    0 1                          00 111 0  1 110    1     
      0 0                       0      0 1     0    0     
       0000                     1        10111 00  1      
         1 0                    0         1  0  1  0      
          11 0                  0         10 1  0 1       
            1001                 0      0 0  0 10         
              000                 00111 0 0  1  0         
                0110               1  1  1   10 1         
                  1 0             0  00 1   0  1          
                    1001        000  1 1 100              
                      110010000    1   0 0                
                         000        0 00 0                
                                     0   0                
                                     000 0                
                                        0 0               
                                      00   0              
                                     0      0             
                                    0        0            
                                   0          0           
                                   0           0          
                                   0            00        
                                   0              0       
                                   0               0      
                                   0                00    
                                                          