                                    010101    
                                  110110100001 
                                 100       1  
                                01          0 
                              1110          0 
                                 1          0 
                                  0         1 
                                  100      10 
10                                   010000   
 0 01                                11       
   0  11                            1 01      
     100101                        0  01      
         00111                    0   1 1     
             10010              01    1  0    
                 01010        01      0   00  
                     000110 01       11     0 
                        1 101       1 1      1
                                   0   1       
                                  1    0      
                                  1    0      
                                 0     1      
                                0       1     
                               1         0    
                               1          1   
                              1            0  
                             0              1 
                             1               0
